
#hand {
  display: inline-block;
  font-size: 120px;
  margin-left: 200px;
  margin-top: 200px;
  transform-origin: 80% 80%; 
  cursor: pointer;
}

.run-animation {
  position: relative;
  animation: animation 1700ms ease;
}


/* Generated with Bounce.js. Edit at https://goo.gl/VYxUTR */

@keyframes animation { 
  0% { transform: matrix3d(1, 0, 0, 0, 0, 1, 0, 0, 0, 0, 1, 0, 0, 0, 0, 1); }
  3.8% { transform: matrix3d(0.983, 0.186, 0, 0, -0.186, 0.983, 0, 0, 0, 0, 1, 0, 2.681, 0, 0, 1); }
  5.71% { transform: matrix3d(0.967, 0.255, 0, 0, -0.255, 0.967, 0, 0, 0, 0, 1, 0, 3.688, 0, 0, 1); }
  7.56% { transform: matrix3d(0.953, 0.303, 0, 0, -0.303, 0.953, 0, 0, 0, 0, 1, 0, 4.407, 0, 0, 1); }
  9.46% { transform: matrix3d(0.942, 0.335, 0, 0, -0.335, 0.942, 0, 0, 0, 0, 1, 0, 4.899, 0, 0, 1); }
  11.36% { transform: matrix3d(0.935, 0.354, 0, 0, -0.354, 0.935, 0, 0, 0, 0, 1, 0, 5.189, 0, 0, 1); }
  12.4% { transform: matrix3d(0.933, 0.36, 0, 0, -0.36, 0.933, 0, 0, 0, 0, 1, 0, 5.28, 0, 0, 1); }
  12.5% { transform: matrix3d(0.933, 0.361, 0, 0, -0.361, 0.933, 0, 0, 0, 0, 1, 0, 5.286, 0, 0, 1); }
  15.12% { transform: matrix3d(0.978, 0.21, 0, 0, -0.21, 0.978, 0, 0, 0, 0, 1, 0, 2.429, -1.152, 0, 1); }
  16.07% { transform: matrix3d(0.988, 0.155, 0, 0, -0.155, 0.988, 0, 0, 0, 0, 1, 0, 1.513, -1.507, 0, 1); }
  17.25% { transform: matrix3d(0.996, 0.091, 0, 0, -0.091, 0.996, 0, 0, 0, 0, 1, 0, 0.465, -1.899, 0, 1); }
  19.57% { transform: matrix3d(1, -0.017, 0, 0, 0.017, 1, 0, 0, 0, 0, 1, 0, -1.27, -2.507, 0, 1); }
  19.63% { transform: matrix3d(1, -0.02, 0, 0, 0.02, 1, 0, 0, 0, 0, 1, 0, -1.311, -2.521, 0, 1); }
  21.95% { transform: matrix3d(0.995, -0.1, 0, 0, 0.1, 0.995, 0, 0, 0, 0, 1, 0, -2.652, -2.952, 0, 1); }
  23.14% { transform: matrix3d(0.991, -0.132, 0, 0, 0.132, 0.991, 0, 0, 0, 0, 1, 0, -3.206, -3.121, 0, 1); }
  24.32% { transform: matrix3d(0.988, -0.157, 0, 0, 0.157, 0.988, 0, 0, 0, 0, 1, 0, -3.677, -3.26, 0, 1); }
  24.9% { transform: matrix3d(0.986, -0.167, 0, 0, 0.167, 0.986, 0, 0, 0, 0, 1, 0, -3.877, -3.319, 0, 1); }
  25% { transform: matrix3d(0.986, -0.168, 0, 0, 0.168, 0.986, 0, 0, 0, 0, 1, 0, -3.91, -3.328, 0, 1); }
  25.13% { transform: matrix3d(0.987, -0.158, 0, 0, 0.158, 0.987, 0, 0, 0, 0, 1, 0, -3.727, -3.379, 0, 1); }
  26.64% { transform: matrix3d(0.999, -0.035, 0, 0, 0.035, 0.999, 0, 0, 0, 0, 1, 0, -1.633, -3.997, 0, 1); }
  26.7% { transform: matrix3d(1, -0.03, 0, 0, 0.03, 1, 0, 0, 0, 0, 1, 0, -1.551, -4.022, 0, 1); }
  28.57% { transform: matrix3d(0.993, 0.121, 0, 0, -0.121, 0.993, 0, 0, 0, 0, 1, 0, 0.705, -4.734, 0, 1); }
  29.75% { transform: matrix3d(0.978, 0.209, 0, 0, -0.209, 0.978, 0, 0, 0, 0, 1, 0, 1.968, -5.129, 0, 1); }
  30.21% { transform: matrix3d(0.971, 0.24, 0, 0, -0.24, 0.971, 0, 0, 0, 0, 1, 0, 2.412, -5.264, 0, 1); }
  31.39% { transform: matrix3d(0.949, 0.316, 0, 0, -0.316, 0.949, 0, 0, 0, 0, 1, 0, 3.494, -5.581, 0, 1); }
  32.07% { transform: matrix3d(0.935, 0.355, 0, 0, -0.355, 0.935, 0, 0, 0, 0, 1, 0, 4.055, -5.735, 0, 1); }
  32.13% { transform: matrix3d(0.934, 0.358, 0, 0, -0.358, 0.934, 0, 0, 0, 0, 1, 0, 4.105, -5.749, 0, 1); }
  33.71% { transform: matrix3d(0.901, 0.435, 0, 0, -0.435, 0.901, 0, 0, 0, 0, 1, 0, 5.259, -6.037, 0, 1); }
  34.45% { transform: matrix3d(0.886, 0.464, 0, 0, -0.464, 0.886, 0, 0, 0, 0, 1, 0, 5.733, -6.142, 0, 1); }
  35.14% { transform: matrix3d(0.872, 0.489, 0, 0, -0.489, 0.872, 0, 0, 0, 0, 1, 0, 6.14, -6.224, 0, 1); }
  35.64% { transform: matrix3d(0.863, 0.505, 0, 0, -0.505, 0.863, 0, 0, 0, 0, 1, 0, 6.415, -6.275, 0, 1); }
  36.82% { transform: matrix3d(0.844, 0.537, 0, 0, -0.537, 0.844, 0, 0, 0, 0, 1, 0, 7.004, -6.371, 0, 1); }
  37.4% { transform: matrix3d(0.835, 0.55, 0, 0, -0.55, 0.835, 0, 0, 0, 0, 1, 0, 7.258, -6.406, 0, 1); }
  37.5% { transform: matrix3d(0.834, 0.552, 0, 0, -0.552, 0.834, 0, 0, 0, 0, 1, 0, 7.3, -6.412, 0, 1); }
  39.14% { transform: matrix3d(0.883, 0.469, 0, 0, -0.469, 0.883, 0, 0, 0, 0, 1, 0, 6.137, -5.312, 0, 1); }
  39.2% { transform: matrix3d(0.885, 0.465, 0, 0, -0.465, 0.885, 0, 0, 0, 0, 1, 0, 6.09, -5.272, 0, 1); }
  40.72% { transform: matrix3d(0.929, 0.369, 0, 0, -0.369, 0.929, 0, 0, 0, 0, 1, 0, 4.94, -4.354, 0, 1); }
  41.13% { transform: matrix3d(0.94, 0.342, 0, 0, -0.342, 0.94, 0, 0, 0, 0, 1, 0, 4.631, -4.121, 0, 1); }
  42.25% { transform: matrix3d(0.963, 0.268, 0, 0, -0.268, 0.963, 0, 0, 0, 0, 1, 0, 3.819, -3.523, 0, 1); }
  42.71% { transform: matrix3d(0.971, 0.24, 0, 0, -0.24, 0.971, 0, 0, 0, 0, 1, 0, 3.511, -3.3, 0, 1); }
  43.89% { transform: matrix3d(0.986, 0.169, 0, 0, -0.169, 0.986, 0, 0, 0, 0, 1, 0, 2.758, -2.75, 0, 1); }
  43.91% { transform: matrix3d(0.986, 0.168, 0, 0, -0.168, 0.986, 0, 0, 0, 0, 1, 0, 2.75, -2.745, 0, 1); }
  44.63% { transform: matrix3d(0.992, 0.129, 0, 0, -0.129, 0.992, 0, 0, 0, 0, 1, 0, 2.336, -2.439, 0, 1); }
  44.76% { transform: matrix3d(0.992, 0.123, 0, 0, -0.123, 0.992, 0, 0, 0, 0, 1, 0, 2.269, -2.388, 0, 1); }
  46.21% { transform: matrix3d(0.998, 0.057, 0, 0, -0.057, 0.998, 0, 0, 0, 0, 1, 0, 1.566, -1.848, 0, 1); }
  46.95% { transform: matrix3d(1, 0.03, 0, 0, -0.03, 1, 0, 0, 0, 0, 1, 0, 1.266, -1.606, 0, 1); }
  48.39% { transform: matrix3d(1, -0.012, 0, 0, 0.012, 1, 0, 0, 0, 0, 1, 0, 0.788, -1.196, 0, 1); }
  49.32% { transform: matrix3d(1, -0.031, 0, 0, 0.031, 1, 0, 0, 0, 0, 1, 0, 0.546, -0.971, 0, 1); }
  50% { transform: matrix3d(0.999, -0.041, 0, 0, 0.041, 0.999, 0, 0, 0, 0, 1, 0, 0.403, -0.828, 0, 1); }
  51.7% { transform: matrix3d(0.998, -0.056, 0, 0, 0.056, 0.998, 0, 0, 0, 0, 1, 0, 0.144, -0.537, 0, 1); }
  51.95% { transform: matrix3d(0.998, -0.057, 0, 0, 0.057, 0.998, 0, 0, 0, 0, 1, 0, 0.117, -0.501, 0, 1); }
  53.22% { transform: matrix3d(0.998, -0.059, 0, 0, 0.059, 0.998, 0, 0, 0, 0, 1, 0, 0.016, -0.352, 0, 1); }
  56.39% { transform: matrix3d(0.999, -0.047, 0, 0, 0.047, 0.999, 0, 0, 0, 0, 1, 0, -0.04, -0.146, 0, 1); }
  56.41% { transform: matrix3d(0.999, -0.046, 0, 0, 0.046, 0.999, 0, 0, 0, 0, 1, 0, -0.04, -0.145, 0, 1); }
  56.42% { transform: matrix3d(0.999, -0.046, 0, 0, 0.046, 0.999, 0, 0, 0, 0, 1, 0, -0.04, -0.145, 0, 1); }
  56.46% { transform: matrix3d(0.999, -0.046, 0, 0, 0.046, 0.999, 0, 0, 0, 0, 1, 0, -0.039, -0.144, 0, 1); }
  57.86% { transform: matrix3d(0.999, -0.037, 0, 0, 0.037, 0.999, 0, 0, 0, 0, 1, 0, -0.005, -0.113, 0, 1); }
  60.9% { transform: matrix3d(1, -0.017, 0, 0, 0.017, 1, 0, 0, 0, 0, 1, 0, 0.124, -0.123, 0, 1); }
  65.34% { transform: matrix3d(1, 0.003, 0, 0, -0.003, 1, 0, 0, 0, 0, 1, 0, 0.329, -0.223, 0, 1); }
  68.91% { transform: matrix3d(1, 0.007, 0, 0, -0.007, 1, 0, 0, 0, 0, 1, 0, 0.449, -0.309, 0, 1); }
  68.92% { transform: matrix3d(1, 0.007, 0, 0, -0.007, 1, 0, 0, 0, 0, 1, 0, 0.45, -0.309, 0, 1); }
  69.78% { transform: matrix3d(1, 0.008, 0, 0, -0.008, 1, 0, 0, 0, 0, 1, 0, 0.471, -0.327, 0, 1); }
  70.36% { transform: matrix3d(1, 0.007, 0, 0, -0.007, 1, 0, 0, 0, 0, 1, 0, 0.484, -0.338, 0, 1); }
  75% { transform: matrix3d(1, 0.004, 0, 0, -0.004, 1, 0, 0, 0, 0, 1, 0, 0.543, -0.401, 0, 1); }
  81.42% { transform: matrix3d(1, 0, 0, 0, 0, 1, 0, 0, 0, 0, 1, 0, 0.546, -0.429, 0, 1); }
  87.5% { transform: matrix3d(1, -0.001, 0, 0, 0.001, 1, 0, 0, 0, 0, 1, 0, 0.525, -0.426, 0, 1); }
  87.68% { transform: matrix3d(1, -0.001, 0, 0, 0.001, 1, 0, 0, 0, 0, 1, 0, 0.525, -0.426, 0, 1); }
  100% { transform: matrix3d(1, 0, 0, 0, 0, 1, 0, 0, 0, 0, 1, 0, 0.505, -0.412, 0, 1); } 
}

